460196042411999243
449820309974155265
198685267119308800
454974307471327233
493820421758648330
701430850855764060
286381286556434433
463690843044315136
641313479495778305
624681848911429670
575566960641966081
565962829870661632
330589475795369991
443374569986719754
446979571993280522
396351972040507404
601016374336290836
632739220267597824
467844027518156800
441935641224282112
462486450445746176
452343746407956480
429249984001736735
407206522167492619
630005338929758219
221131388370288642
215573230038155264
539148660424835077
498125423549349888
319495116031262720
465228724040892416
469456250241941504
649312937613197353
443400032155205632
320490292149092352
707187551219482668
470530413123600384
440799283776716800
476230903581114370
502280435380781086
413920649606725653
695706254613676112
344879623307526147
477874529021067274
713061166745911297
430817401635078146
421495839085690882
463286605302595584
435826261000978442
432556188086042625
454984370416123914
701824280974983259
406723942863077381
449858950779895809
494838471488176148
451702849970372609
371205712770105345
390745651509592074
650973447400325133
471370186331521035
694881170361548853
694698809464324226
474995341444382750
407154922937909268
475215578546569216
447709027409854474
439707176953577472
452841144431411201
416395866006355968
496293661739581441
454225493680717834
458276816071950337
456780073165389858
565852068120625172
430300880907272192
339300347216396288
449839311626567681
488696353258602528
460782562865053736
448814344206286848
467617970240356354
458653487606005764
425465483320360970
479341466515144704
443386725956583425
282829133862404097
452834631591657474
428499117531201537
413445969125048330
441190146885550081
476187358283431937
459965148661022721
450908737218281502
431733564539797505
708839871137185898
702183468615991437
692781471215255653
479636484303880203
469432956331491338
445085605349818369
432788646677053450
344532133240373258
401652897756217356
563249178424115222
707174350079524946
701188087820320888
499455859638927360
503155370869391361
455639545887588353
462635942188941322
463264459608031232
392658283888115725
444864822262235147
445212737606254593
394599035178188818
591895586421211146
464056325400428544
488336117284995083
718302469729550390
473023486726766603
639926877800235029
450953284837048320
492695973286641674
449187019730583562
472621473341898766
437272052832010241
446264758618816512
411695656550400011
462198198988177408
453369120532987906
457136615454932995
461501164446416897
309022685407477760
391848637233102848
404210556921184258
446165455951101955
443231127470342146
460759565332381696
706606014174199828
394550440571961344
447331861744844810
599050023669334037
440419124816904192
344670723245211659
415118421336784896
702695719701577829
496863858774900736
461578248753643531
474635536225796106
477138100691140611
304876546257190912
330087220612562946
469834715634073600
475293314535522304
587215084367904768
474184940716818443
394143611987427329
480598415567224833
355972420621959169
705959447092133959
498316125600219146
463545969707974686
553752536495161365
249415393733509120
478737658366001162
703101710884929556
470065822975655936
452619313854283787
696311168850984980
409875566800404480
601127936367525888
707560715506024558
504929355814797314
513584631921115137
480663773796106251
413979082141728769
289076835705421826
458283218685394956
452078555489370112
454631767551246347
450869402393509889
396266663080624130
450009840304259072
522937370643791887
455679759595339776
320597916307685376
444927052714344455
462230754290565130
451015352931844098
447013212274163722
457884787705905154
480621201295933440
432077618741903361
387491171813031936
627541495469047849
611629643136630945
442701030006849546
685801803664719918
361154278657622017
433821224410415116
460194484588904449
446280269549404160
706201504746438738
665677035557093391
416786889291464705
370601290876846080
468731661543014431
414021081230475264
472070659967549451
431453143876894721
452783354710851596
610014766907523086
495474565426839552
447437349123784713
324375204941791232
499051432125792256
409647172422729729
717324587540545617
610609001792667648
478094166811738113
439187765217984512
431757342397300737
435789651467304960
648015502450360351
204255221017214977
451799581320019969
456947460162584609
443419280940335104
465533547944345601
439174749235576833
502420053279506434
418465441430896640
500339790349336582
202785273455575040
635175115117821974
488313992356429834
470922675099926548
650268738939256852
701874271076483072
450948006204669963
701922830610333777
533497118262820884
501710933840887808
447799594135584771
606590519195467842
443403565030178818
449933867290460171
698968068818468934
490792989921247243
535924990470782977
501705972453212170
443342949552750603
460632069794693121
449714263406411776
444676737180368906
456775995651915777
639842580426784798
658637874236882944
445400014328561667
653382245863653396
498683758460010507
452375576250941452
448703295117328385
292662706463440896
706215894593962004
428769671395934218
538437154762784778
666680915384205340
428210267818688514
447235782663733249
441157950501945354
505718187439161346
442507827328843786
505593579624726528
424958822302351370
498682613192720384
472716846706065419
556344191139971091
472501962362060801
457460103121993731
478881886538563584
707595924897267735
497277351433076737
702161512671739925
536585876352925716
690286176476594209
712147085268353067
444639605615230996
159985870458322944
441831671898177537
505911207304101888
504153194910187526
264459096118394883
444138546060853248
454614384749314049
597833738298327050
450955588336091136
433295632221077533
266178380452462593
616423584205766662
457304269142622218
475976569983336448
705787185944592394
495548978792759328
451700598161670165
496941186318073857
457844189346922497
498543874311061515
466541393809244160
370315818287759383
639862296407179294
495266928651141130
457064156084830218
452699505801035778
456098764541919233
470448370171904011
453704337894408202
686496053612249089
500915393423081483
546093321978642456
715512978031509534
649667521187938357
385024262764756994
547806770249334784
320328442510049280
383628930197749760
563828358669008898
490121103360917524
466461798997032960
469695779116679178
470417120677724180
420851677696884736
453173057444642816
487555451295367178
466191966015848455
402645022484332554
385384789399699467
652896543271157760
344338952406302720
426586592774455296
657215342145306639
496594866495553546
437985861968330752
449894618545258546
462160275731120129
640637667637329920
450207439456043028
184937139522371584
407147074430435328
454605140134199297
661177945515360257
450195257737478144
400582970865352725
454896735282659333
483535584023805973
470798679859789836
474372790540304407
708616512826638419
425721363584647180
608378087633190958
430915835847245827
629013470062313472
432206720874446861
406787535587639307
450066038604824592
340377224790147074
478099950442643456
338889115762425857
454899591943421952
195665487873572864
617886267459502099
463373283891478528
452515873136050178
452929259665752065
445472863655297026
412127783880491019
446159776355713046
447787400580562954
478367903226527744
261763216466640898
211167476463960067
447290770572050432
451677926002393088
475617723808743434
712300961007140945
456664491631968277
610989172353794048
444787395288891393
468780931289972746
433202561378680833
452122453901049856
459710212606263325
406680446186029057
444833442648293396
696251287976804434
445890408220983309
420013638468894731
470080455186579457
683272859744862220
711879155402145863
473197532915171339
695551935037833236
608764740205805578
466916794511130626
521384702888640543
465377995562156043
478482325198602240
444385055574458368
446268730087833600
499043503410642954
186826642080006144
473376115671695390
437144091428519947
471286429583015956
424882382534082570
335798042903183360
462889541749964801
451384028097150976
452655650242035735
442969359732703232
475966831182610432
437276751689809931
476259371912003597
472480397427736578
448102233955893269
489034866206310410
416804688692903937
448774585458884612
450876036146790400
447431285514960896
155149108183695360
703272447126011935
443654693072404481
473276303244787712
504819693161414677
298454000628400139
606476560949575681
479249628815032359
373800172888522753
470109430990503946
455341151801573417
473383900253782017
447523874200879104
452413196385386516
432466586297696277
389937555853934593
503468188370206750
622684510403821588
413318420680146954
540218437926912000
477291870787993620
457335824577593356
345234865211441156
467623637248376833
403402983389265921
702050977645068310
402957833869459466
480678589612949524
496970304753762304
471162151789395978
467295303880671242
433311656370634755
658112885234597890
480471344736370739
443284540765634562
453146193531502595
284065066666688512
605129045440725018
452790933235433482
447699819889295361
680703780693737487
533433189142888458
434090409656975381
431023853246873600
457452551789477899
544979128374525952
698947308653510726
431660884138393602
429584269011058688
409557533385162764
500599116955516958
452792622776582145
450844116876656651
443340330276749312
479529122264121345
691284542274928651
500904776645607424
461535444648067082
604256890913947648
294103670956490752
397357402220920843
657960849356357672
693110653564616704
361940361016377356
490375622279954432
315831464195522560
676344987885240353
336096384736559116
464761752790368266
472714965183102976
575614370084814848
317898032215490561
465070309624643616
462207476318863361
454824573867655180
446317203785121805
535066430509547521
432148985835159573
455046287595667456
426736011574247426
447984235748392964
633036922897432596
269457592349229056
668827145337962501
667841050500661270
591640607382831134
492447654069010433
470079058420695063
220265644162154496
676134882111520798
466234618530758663
474207893365850122
463698219680137226
467625747738263561
700275423283773481
302050872383242240
457988747255087105
458040685409468436
689207376280420387
656605815121248276
693382813415637033
494459313822105600
453511622225297408
698482065817206815
579405876620820480
481932937462284310
453550287098216451
701700832093011968
397282024752414720
431700147588694027
315466296080990208
467436749056901131
454556642676178958
494837146918715392
663484854842949714
450191792411770880
701194676752875581
457127978099408906
419457499658321920
434613333270986752
446534169569394690
373252783211675648
425337799021953045
445084812148080650
435620018886279169
454139576966184961
448920924343894016
483947969960476683
445733448829632522
486854570555998208
604257499465646101
446375295646433321
429934685280534548
497403237713051659
676800567632330763
478478904257019908
642191158033907723
487995229257859083
332655094862577667
460774310752026645
435847790137180160
441320858842300416
451041067467407361
495229805344587786
514098458110459935
632004601054494721
465657849704611860
497984915326107648
524219834490421260
427549741803372545
458252137625944075
642757344538918942
480796422816661506
449957634921988107
294882584201003009
424350282286235668
310597540414357505
470119809762328586
457362002323439617
513628164707319810
673008225221738541
447598061850722315
407103450745274369
440109069039042571
469120524539133973
433472360457306113
667751177395503105
454240111627075585
437236104626831363
404110384816193536
417007611708309505
502071809089208330
622476352511148036
447799332771594244
442058900015939593
454632309912764427
468772477766467592
457015686439370763
447019214012809237
424035932807888906
436914709191589906
406391223801085952
502019865863782400
374569992018198529
461589801028681748
497980342121136140
444149291267784705
620208018788843530
434723796348305418
460067187978272798
452769871990882315
467543776517423107
428185493721710603
352095399844118538
452847073671380992
438539109535973396
303565143739072523
463262593662844938
495471684380262420
503097178202570753
470078778702299157
452085915352039434
505281632777797632
479566864180314113
702052006809829429
442341293142835210
474555025851416576
503569098098343937
378896482671132673
437129047420698645
701769671204143105
461480582614876161
683127086550089796
472788415889539072
474164292086923274
639628640337788940
414349391864791040
481041972627374090
436567859137740811
496385742898200587
424787642488717322
346128797201858562
424482946590834688
450888831080726528
699694559608700928
431325323121131532
501715109345755138
458675326973640715
404365332912930827
472500052225687553
430990299431698443
455361615865577493
472751277516783628
455360140590186497
549257366894280707
498425516030689291
481439912030371840
601068770957590528
503086891470422027
483252397884309506
711880369347100725
475972588250857473
500621213488381953
290502080144343050
692217493657223308
539526264479023104
457433337842368516
469845166002405398
440248609448132608
325956935302250497
640552311629807622
412272848594272267
450262740716748810
459391120590372874
543628034725642250
468725139329122305
497291620115415042
462398584290279424
368020402120687618
511489554830852097
712621623370448938
568819131059798057
396560588890963973
383581842986762241
503062307086139407
456780588989415437
388836196752687105
444408574039556096
481058132173520916
694219085986267137
491880005442207744
417204834723299338
372150716254519296
464106874133020702
403329484607979542
449759785693216769
433486667765252106
289060817926619137
436916846722285578
474764408443240478
685299442223546379
396526496602128386
443270958086750219
253155588232445952
667755260009250860
662248616332623891
478472663015358474
696611090745917490
458126487044882432
503621085028286483
444940782735065088
444124407057743874
439994400362463232
441943151847014401
507514264089657346
654026780771876864
465843702527688705
456062985194962954
425481955581231115
701165944302469191
457816372685045760
420177964735397909
460335003973320715
676880090952630282
442813204452868146
533762086715654144
453930478395981824
455697590525231105
508603865680052234
436110854174539786
436737490750275585
498591495608336412
471202125490159637
689881634203500664
477353369535643658
402039856856956928
476688065721532416
661377571950297106
475107248398401536
478101165762936832
596288781418627088
504580250278297600
358949544827944970
450932708311302144
495978328465997824
446304259755999232
715400089689915454
457184464800579594
427173074220089366
613778988229460009
424829051664859140
716682990507261983
475052481420722206
472299859295338497
453250769601429504
424846845488005122
461469717442592768
430240366407450624
449212217162727429
716682990507261983
640554228040859668
370393138680037378
398601531525562369
687846078908858408
685862011132968972
700747426042085396
235088799074484224
686692567903109171
686371527381221383
270904126974590976
632263199210602546
556159823847358464
664223100157820948
436515089441488907
663720950424141824
666828707184377886
678381513104031756
302050872383242240
663817202855575583
686373897267970113
235148962103951360
678624023793631282
632236605939253260
155149108183695360
501982335076532224
676947330288713729
686325675371790457
631117170306449428
635049083748483077
382222865526685716
685484714055958554
651620785424695317
276060004262477825
652555075541270531
452820856918376458
416358583220043796
617672228036804631
339254240012664832
527652387561930752
686635360280903982
625722938980696076
165103808291143680
685486521285214347
458276816071950337
581366526750228500
686398848822018130
190633530378682368
625743101687758848
234395307759108106
423476128523616257
434607026522423296
716682990507261983
709796546677440592
714417561957302344
716682990507261983
557628352828014614
716682990507261983
383920743748075520
710506514418368542
713480964197580801
718685723619753984
719067351122968648
706743359561007144
703974771167199315
458220724054654977
707236907763105862
615386173807788063
559151777635762202
666691784839004174
521047833130958878
662514818183331860
667126677792620544
372668249822724096
648204587051778049
713079729338581004
605405992531918858
622749306356760577
716271633819631647
716031984446734339
643128725470314506
700986055876149318
607826306154889217
260119907599908865
294882584201003009
610985679324708864
523276638520082461
505623334432800778
709131793256939644
711237992550760509
581955806379900969
718691694467612722
495051739943141397
719065101566738484
560510918937804810
688905088458293253
697463699132121148
718686517253374014
682698051969876007
582537632991543307
718695205406244935
610577570450374684
654849598786895892
689984217659998310
414410152461074432
708432196368728179
635952523869683740
710370470763167794
711324178166579221
718693330623528970
716290249504063540
531485802404904960
646488065925447691
716029916646473791
505737265306140702
700108911998402610
424817451293736961
631117170306449428
495765400961810443
718631240227618832
322781160893841408
719060284093890611
710954344966651917
718689903893807194
710555935239831613
711233581317488780
302050872383242240
482997121092419584
705986853911658536
680097531895480480
712786356979630111
651799586247278613
675781639300710412
594112265293135873
557687553155792906
321641428369408014
526026012631367721
719066402396438599
696157006431649794
669933492271972352
204255221017214977
568548727044833300
606684703054888980
505391629809614870
716697187345760276
595404892408119296
159985870458322944
695011795110461520
419628329377726480
703535606906617908
234395307759108106
702986537574596658
647608584997437472
619991719059914783
528644659166183457
705514934854877277
518506006859218962
701667401388785736
527409372997877770
635995102946394130
708025314441166970
709505240969510992
718287211543658517
714225094242861127
702560846538211489
716295073368768542
629458320226385921
672963030966992907
686694828607799351
669685931539955722
654365058763325441
716682990507261983
689984262329729072
637322089283715092
594222733374652424
675823252043595776
676469887173918730
579705891314466818
375805687529209857
691800837814616103
564420568351506432
526257033595322390
486282889089253385
688056919826366499
235088799074484224
666572139876450315
705008013429440552
712703000048828449
690320836242047056
213271889760616449
508329504087736322
718983075194732684
302050872383242240
541089041106468876
363733705560162304
468772539624325130
397142930252365825
604724973625540629
441675986275139615
647231213299302401
455207756572393494
445722277938462723
676487171242328105
697282895576039496
409875566800404480
621115163499692033
527966701141098554
464591904345161738
159985870458322944
276060004262477825
396434684520693763
579498771818217482
687603695591882806
696253005242302524
383682090581098496
204255221017214977
691483302535757845
504477750627663873
579505644961529899
371789181954818050
702002825064087583
706666983319666708
234395307759108106
470146861215252492
632620232590229565
712059228675899493
525596896740245504
640458270657740800
491072459676844032
543490965415919626
704794412579815485
689130621930438677
643804873917202432
619996435483590657
475418322012340234
681050751451267111
480284614758498304
556061848923930625
614181141930573824
565962829870661632
325793627072626718
632739220267597824
716557512752496720
697051578481246218
473073720257413131
649312937613197353
414166466846523392
633771412615725097
611928009980510209
516025830091259915
458276816071950337
719300397763657729
676886862731804704
565852068120625172
692781471215255653
406779707342979072
563249178424115222
344532133240373258
632507341408829442
488336117284995083
711910102092873809
718302469729550390
413445969125048330
576451390277156899
461501164446416897
565989752130764811
599050023669334037
328521434173407232
587215084367904768
601127936367525888
409875566800404480
627487874002190351
396266663080624130
702728543553061015
596500392557281280
518853494220914718
633156322799386625
709609730695364708
678715526687752205
324375204941791232
700519676672868353
527550256070787093
652549245353721857
461995105826504706
667006017762099211
555642190794326016
610014766907523086
700689871617917040
708017509638340710
714731868444164156
683810039957684237
670913482178166806
266697117915938826
632482704503341057
665504983378296841
693194479691366600
716715167773229156
669647064430411792
321641428369408014
616949167780134922
675455558010273813
664599614887821316
550791360916094981
575267746749612042
614109990109839372
703276596320010332
608567892182695948
666680915384205340
719418201334612009
460759565332381696
550844043123228674
536585876352925716
544583905353793566
630835716691329024
545420198698549278
159985870458322944
493327613775839252
707390868914438155
576187414033334282
658387862290694160
568991499778260995
243005721451560962
667770529352253480
607563877646860319
713185952763478096
693108469389328424
699378853164089394
657215342145306639
716783479999692802
575707245849870356
307407374174388226
640637667637329920
635911513072336916
625678356863516672
688878501461622841
608378087633190958
411578132634533898
480562591895126022
493417861726076948
577792593031725066
345471924115079178
700678417343053864
422087909634736160
579307285134704640
699770037262614691
530896257367932928
694365521575149639
446159776355713046
388838797405585409
708202731910725722
467745301042561044
476259371912003597
499014828426526721
648605873727602708
155149108183695360
676843223963926579
714515400129380443
411461569004961793
672872532390707239
533433189142888458
235148962103951360
632485493006663690
366401282044592141
427784226448867349
708044616087109733
676388806622183445
714528941678788778
646731656782413853
675718627114221621
347815444528496640
716723409454759958
690930160966303784
715440784282746922
609123987469107200
457452551789477899
626057903886958613
535066430509547521
438699334356172800
404006642296815626
654050866076188694
449865730427715584
447445214764990477
302050872383242240
648224410112622622
677791715230351361
694192951701798932
716471407898525717
269457592349229056
704992883224084571
466490228417495067
706841512024997899
460873530884620299
657752323451518978
698573064581152769
218316985505808394
697160249383190558
547951291628912642
506978759178584068
485286330792673280
681175518565105694
692095844211490927
506411789450346497
530784105441525772
643478959438430229
559938093545684992
602513158698958849
514391225445384210
536216890209599490
454342163443220501
404365332912930827
654394683610497034
381834833464262656
696732355469246534
177332822376316928
690970092250595329
560590822328762368
480300097326809098
575690588989685760
503863629846675466
712621623370448938
683938713289621516
568819131059798057
388836196752687105
383581842986762241
473801686184361984
667755260009250860
447130386779209729
696611090745917490
682926168298881047
404470014989828116
702527786967105546
661377571950297106
409343109605097482
506480782068416523
705404098026930218
407942807907598336
314054851900211202
660528916959592449
533762086715654144
683127086550089796
564843308468404224
689881634203500664
115385224119975941
668551775816777749
508603865680052234
715400089689915454
656255795264094219
126026802354192384
716682990507261983
582537632991543307
715927005366976684
716030909110812724
716682990507261983
421381923072507915
115385224119975941
713109232727097405
718013509233016833
404365332912930827
159985870458322944
715400089689915454
235148962103951360
159985870458322944
422087909634736160
235088799074484224
716682990507261983
591089340906733568
705190148375183372
708017509638340710
716682990507261983
234395307759108106
282859044593598464
294882584201003009
355339572873265153
404365332912930827
409875566800404480
270904126974590976
416358583220043796
414878659267133445
420013638468894731
500297618505859072
527858318786691092
570644469981118487
692075416982388736
697703669411610624
707519492309385317
490039330388180992
716314311487914035
482584715673600026
716682990507261983
713713727794446397
719896885766258751
404006642296815626
716682990507261983
718302400787644508
159985870458322944
548090290045452291
563819781350752311
702246998497034321
707519492309385317
714780671113035826
715134322717229067
716682990507261983
716771510064513114
719159254308880384
719892452147724311
719911915828019220
